10
15
m 0 14
1 9 0
2 9 0
3 9 0
w 0 3
w 0 4
w 0 5
w 0 9
w 0 13
w 1 4
w 1 11
w 1 12
w 2 1
w 2 2
w 2 6
w 2 7
w 3 0
w 3 4
w 3 9
w 3 14
w 4 5
w 4 8
w 4 9
w 5 4
w 5 5
w 5 8
w 5 9
w 5 10
w 5 14
w 6 2
w 6 8
w 6 14
w 7 3
w 7 4
w 7 9
w 8 5
w 8 6
w 8 7
w 8 9
w 8 10
w 9 13
p 0 1
p 0 6
p 0 10
p 0 11
p 1 0
p 1 1
p 1 8
p 1 13
p 1 14
p 2 9
p 2 10
p 2 11
p 2 12
p 2 13
p 2 14
p 3 3
p 3 5
p 3 7
p 3 8
p 3 10
p 3 11
p 4 0
p 4 1
p 4 3
p 4 6
p 4 11
p 4 12
p 4 13
p 4 14
p 5 1
p 5 3
p 5 6
p 5 11
p 5 12
p 6 0
p 6 1
p 6 4
p 6 6
p 6 10
p 6 11
p 6 13
p 7 0
p 7 10
p 7 13
p 7 14
p 8 1
p 8 2
p 8 3
p 8 12
p 9 3
p 9 4
p 9 6
p 9 7
p 9 9
p 9 11
p 9 14
t 300 0
m 0 14
1 8 0
2 8 0
3 8 0
t 299 0
m 0 14
1 7 0
2 9 0
3 7 0
t 298 0
m 0 14
1 6 0
2 9 1
3 6 0
f 9 0
t 297 0
m 1 14
1 7 0
2 9 0
3 7 0
t 296 1
m 1 13
1 8 0
2 9 1
3 8 0
t 295 3
m 2 13
1 8 1
2 8 1
3 8 1
t 294 5
m 2 12
1 9 1
2 8 2
3 9 1
t 293 7
m 2 11
1 8 1
2 8 3
3 8 1
t 292 8
m 3 11
1 9 1
2 8 2
3 8 2
t 291 10
m 4 11
1 9 0
2 7 2
3 7 2
t 290 12
m 5 11
1 8 0
2 7 1
3 8 2
t 289 14
m 6 11
1 8 1
2 6 1
3 7 2
t 288 16
m 7 11
1 7 1
2 7 1
3 7 1
t 287 16
m 8 11
1 6 1
2 6 1
3 7 0
t 286 16
m 9 11
1 6 0
2 6 0
3 6 0
t 285 17
m 9 10
1 6 1
2 5 0
3 7 0
t 284 17
m 9 9
1 5 1
2 6 0
3 6 0
t 283 19
m 9 8
1 6 1
2 7 0
3 7 0
t 282 19
m 9 7
1 5 1
2 7 1
3 6 0
t 281 21
m 9 6
1 5 2
2 7 0
3 7 0
t 280 23
m 9 5
1 5 1
2 7 1
3 8 0
t 279 23
m 9 4
1 5 2
2 6 1
3 7 0
t 278 25
m 9 3
1 4 2
2 6 0
3 6 0
t 277 26
m 9 2
1 3 2
2 5 0
3 5 0
t 276 26
m 9 1
1 4 2
2 4 0
3 6 0
t 275 26
m 9 0
1 4 1
2 5 0
3 5 0
t 274 36
m 8 0
1 3 1
2 4 0
3 4 0
t 273 36
m 7 0
1 4 1
2 4 1
3 4 1
t 272 38
m 6 0
1 3 1
2 3 1
3 3 1
t 271 40
m 5 0
1 3 2
2 3 2
3 3 2
t 270 40
m 4 0
1 3 1
2 3 3
3 3 1
t 269 42
m 4 0
1 3 2
2 2 3
3 3 2
t 268 42
m 4 0
1 3 3
2 2 4
3 3 3
t 267 42
m 4 0
1 2 3
2 2 3
3 2 3
t 266 42
m 4 0
1 2 4
2 1 3
3 1 3
t 265 42
m 4 0
1 2 3
2 1 2
3 2 3
t 264 42
m 4 0
1 1 3
2 1 1
3 2 4
t 263 42
m 4 0
1 1 2
2 0 1
3 2 3
t 262 42
m 4 0
1 1 3
2 0 0
3 2 4
t 261 42
m 4 0
1 1 2
2 1 0
3 2 5
t 260 42
m 4 0
1 0 2
2 2 0
3 1 5
t 259 42
m 4 0
1 1 2
2 1 0
3 2 5
t 258 42
m 4 0
1 1 3
2 0 0
3 1 5
t 257 42
m 4 0
1 2 3
2 1 0
3 1 6
t 256 42
m 4 0
1 1 3
2 0 0
3 1 5
f 8 0
t 255 42
m 5 0
1 2 3
2 0 1
3 2 5
t 254 42
m 6 0
1 2 4
2 1 1
3 3 5
t 253 42
m 7 0
1 2 5
2 1 0
3 3 6
t 252 42
m 8 0
1 1 5
2 2 0
3 3 7
t 251 52
m 7 0
1 1 6
2 1 0
3 4 7
t 250 52
m 6 0
1 0 6
2 0 0
3 3 7
f 9 9
t 249 52
m 6 1
1 1 6
2 1 0
3 3 6
t 248 53
m 7 1
1 1 7
2 0 0
3 3 7
t 247 53
m 7 2
1 1 8
2 0 1
3 3 8
t 246 53
m 8 2
1 1 7
2 0 0
3 3 7
t 245 55
m 8 3
1 0 7
2 0 1
3 4 7
t 244 57
m 8 4
1 0 8
2 1 1
3 3 7
t 243 57
m 9 4
1 0 7
2 1 0
3 3 8
t 242 57
m 9 5
1 1 7
2 1 1
3 2 8
t 241 57
m 9 6
1 0 7
2 0 1
3 1 8
t 240 57
m 9 7
1 0 8
2 1 1
3 1 9
t 239 57
m 9 8
1 0 7
2 0 1
3 1 10
t 238 57
m 9 9
1 1 7
2 1 1
3 1 9
t 237 67
m 9 8
1 1 6
2 1 0
3 2 9
t 236 67
m 8 8
1 1 7
2 2 0
3 2 10
f 3 6
t 235 67
m 7 8
1 1 6
2 1 0
3 2 11
t 234 67
m 7 7
1 0 6
2 2 0
3 3 11
t 233 67
m 6 7
1 0 7
2 1 0
3 4 11
t 232 67
m 5 7
1 0 6
2 1 1
3 3 11
t 231 67
m 4 7
1 1 6
2 0 1
3 4 11
t 230 67
m 3 7
1 0 6
2 1 1
3 5 11
t 229 69
m 3 6
1 0 7
2 1 0
3 6 11
f 4 10
t 228 79
m 3 7
1 0 8
2 1 1
3 6 12
t 227 79
m 3 8
1 0 7
2 0 1
3 7 12
t 226 81
m 2 8
1 0 6
2 0 0
3 6 12
t 225 81
m 2 9
1 0 7
2 0 1
3 6 11
t 224 82
m 2 10
1 0 6
2 1 1
3 6 10
t 223 84
m 3 10
1 0 7
2 1 0
3 7 10
t 222 86
m 4 10
1 1 7
2 0 0
3 6 10
t 221 96
m 3 10
1 1 8
2 1 0
3 7 10
t 220 96
m 2 10
1 1 7
2 0 0
3 7 11
t 219 96
m 1 10
1 0 7
2 1 0
3 8 11
t 218 96
m 0 10
1 0 6
2 2 0
3 9 11
t 217 98
m 0 10
1 0 7
2 1 0
3 8 11
t 216 98
m 0 10
1 0 6
2 2 0
3 7 11
t 215 98
m 0 10
1 0 7
2 1 0
3 7 10
f 3 2
t 214 98
m 1 10
1 0 6
2 0 0
3 6 10
t 213 98
m 1 9
1 0 7
2 0 1
3 6 9
t 212 98
m 1 8
1 0 6
2 0 0
3 6 10
t 211 100
m 1 7
1 0 7
2 1 0
3 6 11
t 210 100
m 1 6
1 0 6
2 2 0
3 6 10
t 209 100
m 1 5
1 0 7
2 1 0
3 7 10
t 208 100
m 2 5
1 0 8
2 0 0
3 6 10
t 207 100
m 2 4
1 1 8
2 0 1
3 7 10
t 206 100
m 2 3
1 0 8
2 0 0
3 7 11
t 205 100
m 3 3
1 0 7
2 1 0
3 7 10
t 204 101
m 3 2
1 1 7
2 0 0
3 6 10
t 203 111
m 3 1
1 0 7
2 0 1
3 7 10
t 202 111
m 3 1
1 0 8
2 0 0
3 7 11
f 6 7
t 201 111
m 3 2
1 1 8
2 1 0
3 7 10
t 200 111
m 3 3
1 0 8
2 0 0
3 7 11
t 199 111
m 4 3
1 0 7
2 1 0
3 6 11
t 198 113
m 5 3
1 1 7
2 0 0
3 6 12
t 197 115
m 6 3
1 1 8
2 1 0
3 7 12
t 196 115
m 6 4
1 2 8
2 2 0
3 6 12
t 195 117
m 6 5
1 1 8
2 1 0
3 5 12
t 194 117
m 6 6
1 0 8
2 0 0
3 4 12
t 193 118
m 6 7
1 0 7
2 0 1
3 4 13
t 192 128
m 5 7
1 0 6
2 1 1
3 4 14
t 191 128
m 4 7
1 1 6
2 1 0
3 4 13
t 190 128
m 3 7
1 0 6
2 2 0
3 3 13
t 189 128
m 3 6
1 0 7
2 1 0
3 4 13
t 188 128
m 3 5
1 0 8
2 1 1
3 4 14
t 187 130
m 2 5
1 0 7
2 1 2
3 4 13
t 186 130
m 1 5
1 0 8
2 0 2
3 5 13
t 185 130
m 1 5
1 0 7
2 0 1
3 4 13
t 184 130
m 1 5
1 0 8
2 1 1
3 4 14
t 183 130
m 1 5
1 0 7
2 1 0
3 4 13
t 182 130
m 1 5
1 0 8
2 1 1
3 5 13
t 181 130
m 1 5
1 1 8
2 0 1
3 6 13
t 180 130
m 1 5
1 0 8
2 0 0
3 7 13
t 179 130
m 1 5
1 0 7
2 0 1
3 7 12
t 178 130
m 1 5
1 0 8
2 0 0
3 7 13
t 177 130
m 1 5
1 1 8
2 0 1
3 7 14
t 176 130
m 1 5
1 2 8
2 0 0
3 8 14
t 175 130
m 1 5
1 2 9
2 0 1
3 9 14
f 7 6
t 174 130
m 2 5
1 2 10
2 0 2
3 8 14
t 173 130
m 3 5
1 1 10
2 0 1
3 9 14
t 172 130
m 3 6
1 0 10
2 0 0
3 8 14
t 171 130
m 4 6
1 0 11
2 0 1
3 9 14
t 170 132
m 5 6
1 0 12
2 0 0
3 8 14
t 169 134
m 6 6
1 0 11
2 0 1
3 7 14
t 168 134
m 7 6
1 0 10
2 1 1
3 8 14
t 167 144
m 6 6
1 0 11
2 0 1
3 9 14
t 166 144
m 5 6
1 0 10
2 0 0
3 8 14
t 165 144
m 4 6
1 0 11
2 1 0
3 8 13
f 7 11
t 164 144
m 3 6
1 0 12
2 2 0
3 8 14
t 163 144
m 3 7
1 0 11
2 1 0
3 9 14
t 162 144
m 3 8
1 0 12
2 2 0
3 8 14
t 161 144
m 2 8
1 0 11
2 1 0
3 9 14
t 160 144
m 2 9
1 0 12
2 2 0
3 8 14
t 159 144
m 2 10
1 0 11
2 1 0
3 9 14
t 158 144
m 2 11
1 0 12
2 0 0
3 8 14
t 157 144
m 3 11
1 0 11
2 0 1
3 9 14
t 156 144
m 4 11
1 0 12
2 0 2
3 8 14
t 155 144
m 5 11
1 0 11
2 0 1
3 9 14
t 154 144
m 6 11
1 0 12
2 1 1
3 8 14
t 153 144
m 7 11
1 0 11
2 0 1
3 9 14
t 152 154
m 6 11
1 0 12
2 1 1
3 8 14
t 151 154
m 5 11
1 0 11
2 0 1
3 9 14
t 150 154
m 4 11
1 0 12
2 0 0
3 8 14
t 149 154
m 3 11
1 0 11
2 1 0
3 9 14
t 148 154
m 2 11
1 0 12
2 1 1
3 8 14
t 147 154
m 2 10
1 0 11
2 0 1
3 9 14
t 146 154
m 1 10
1 0 12
2 1 1
3 8 14
f 1 6
t 145 154
m 1 9
1 0 11
2 1 2
3 8 13
t 144 154
m 1 8
1 0 12
2 0 2
3 8 14
t 143 154
m 1 7
1 0 11
2 0 1
3 9 14
t 142 154
m 1 6
1 0 12
2 1 1
3 8 14
t 141 164
m 0 6
1 0 11
2 0 1
3 9 14
t 140 166
m 0 6
1 0 12
2 1 1
3 8 14
t 139 166
m 0 6
1 0 11
2 0 1
3 9 14
t 138 166
m 0 6
1 0 12
2 0 2
3 8 14
t 137 166
m 0 6
1 0 11
2 0 1
3 9 14
t 136 166
m 0 6
1 0 12
2 1 1
3 8 14
t 135 166
m 0 6
1 0 11
2 0 1
3 9 14
t 134 166
m 0 6
1 0 12
2 0 2
3 8 14
t 133 166
m 0 6
1 0 11
2 0 1
3 9 14
t 132 166
m 0 6
1 0 12
2 0 0
3 8 14
t 131 166
m 0 6
1 0 11
2 0 1
3 9 14
t 130 166
m 0 6
1 0 12
2 1 1
3 8 14
t 129 166
m 0 6
1 0 11
2 0 1
3 9 14
t 128 166
m 0 6
1 0 12
2 1 1
3 8 14
t 127 166
m 0 6
1 0 11
2 1 0
3 9 14
t 126 166
m 0 6
1 0 12
2 0 0
3 8 14
f 9 2
t 125 166
m 1 6
1 0 11
2 1 0
3 9 14
t 124 166
m 1 5
1 0 12
2 2 0
3 8 14
t 123 166
m 2 5
1 0 11
2 1 0
3 9 14
t 122 166
m 2 4
1 0 12
2 0 0
3 8 14
t 121 166
m 2 3
1 0 11
2 1 0
3 9 14
t 120 166
m 3 3
1 0 12
2 2 0
3 8 14
t 119 166
m 3 2
1 0 11
2 1 0
3 9 14
t 118 166
m 3 1
1 0 12
2 2 0
3 8 14
t 117 166
m 4 1
1 0 11
2 1 0
3 9 14
t 116 167
m 5 1
1 0 12
2 2 0
3 8 14
t 115 169
m 6 1
1 0 11
2 1 0
3 8 13
t 114 169
m 7 1
1 0 12
2 2 0
3 8 14
t 113 169
m 7 2
1 0 11
2 1 0
3 8 13
t 112 169
m 8 2
1 0 12
2 0 0
3 8 14
t 111 169
m 9 2
1 0 11
2 0 1
3 9 14
t 110 179
m 8 2
1 0 10
2 1 1
3 8 14
t 109 179
m 7 2
1 0 11
2 1 0
3 7 14
f 9 10
t 108 179
m 8 2
1 0 12
2 2 0
3 8 14
t 107 179
m 8 3
1 0 11
2 1 0
3 9 14
t 106 179
m 8 4
1 0 12
2 2 0
3 8 14
t 105 179
m 9 4
1 0 11
2 1 0
3 7 14
t 104 179
m 9 5
1 0 12
2 1 1
3 8 14
t 103 179
m 9 6
1 0 11
2 1 0
3 9 14
t 102 179
m 9 7
1 0 12
2 2 0
3 8 14
t 101 179
m 9 8
1 0 11
2 1 0
3 7 14
t 100 179
m 9 9
1 0 12
2 2 0
3 8 14
t 99 179
m 9 10
1 0 11
2 1 0
3 9 14
t 98 189
m 9 9
1 0 12
2 1 1
3 8 14
t 97 189
m 9 8
1 0 11
2 0 1
3 9 14
f 2 12
t 96 189
m 9 9
1 0 12
2 1 1
3 8 14
t 95 189
m 9 10
1 0 11
2 0 1
3 9 14
t 94 189
m 9 11
1 0 12
2 1 1
3 8 14
t 93 189
m 8 11
1 0 11
2 0 1
3 9 14
t 92 189
m 7 11
1 0 12
2 1 1
3 8 14
t 91 189
m 6 11
1 0 11
2 1 0
3 9 14
t 90 189
m 5 11
1 0 12
2 1 1
3 8 14
t 89 189
m 4 11
1 0 11
2 0 1
3 9 14
t 88 189
m 3 11
1 0 12
2 0 0
3 8 14
t 87 189
m 2 11
1 0 11
2 1 0
3 9 14
t 86 189
m 2 12
1 0 12
2 2 0
3 8 14
t 85 199
m 2 11
1 0 11
2 1 0
3 9 14
f 3 5
t 84 199
m 2 10
1 0 12
2 0 0
3 8 14
t 83 199
m 2 9
1 0 11
2 1 0
3 9 14
t 82 199
m 2 8
1 0 12
2 1 1
3 8 14
t 81 199
m 3 8
1 0 11
2 1 0
3 9 14
t 80 199
m 3 7
1 0 12
2 1 1
3 8 14
t 79 199
m 3 6
1 0 11
2 0 1
3 9 14
t 78 199
m 3 5
1 0 12
2 0 0
3 8 14
t 77 209
m 2 5
1 0 11
2 1 0
3 9 14
t 76 209
m 1 5
1 0 12
2 0 0
3 8 14
t 75 209
m 1 5
1 0 11
2 0 1
3 9 14
t 74 209
m 1 5
1 0 12
2 0 0
3 8 14
t 73 209
m 1 5
1 0 11
2 1 0
3 9 14
f 9 5
t 72 209
m 2 5
1 0 12
2 0 0
3 8 14
t 71 209
m 3 5
1 0 11
2 1 0
3 9 14
t 70 209
m 3 6
1 0 12
2 2 0
3 8 14
t 69 209
m 3 7
1 0 11
2 1 0
3 9 14
t 68 209
m 4 7
1 0 12
2 0 0
3 8 14
t 67 209
m 5 7
1 0 11
2 1 0
3 9 14
t 66 209
m 6 7
1 0 12
2 1 1
3 8 14
t 65 209
m 7 7
1 0 11
2 0 1
3 8 13
t 64 209
m 7 8
1 0 10
2 0 2
3 8 14
t 63 209
m 8 8
1 0 11
2 1 2
3 9 14
t 62 209
m 9 8
1 0 12
2 1 1
3 8 14
t 61 209
m 9 7
1 0 11
2 0 1
3 9 14
t 60 209
m 9 6
1 0 12
2 0 0
3 8 14
t 59 209
m 9 5
1 0 11
2 1 0
3 9 14
t 58 219
m 9 4
1 0 12
2 0 0
3 8 14
t 57 219
m 8 4
1 0 11
2 1 0
3 7 14
f 3 7
t 56 219
m 9 4
1 0 10
2 2 0
3 8 14
t 55 219
m 9 5
1 0 11
2 1 0
3 9 14
t 54 219
m 9 6
1 0 12
2 2 0
3 8 14
t 53 219
m 9 7
1 0 11
2 1 0
3 9 14
t 52 219
m 9 8
1 0 12
2 2 0
3 8 14
t 51 219
m 8 8
1 0 11
2 1 0
3 9 14
t 50 219
m 7 8
1 0 12
2 2 0
3 8 14
t 49 219
m 7 7
1 0 11
2 1 0
3 9 14
t 48 219
m 6 7
1 0 12
2 0 0
3 8 14
t 47 219
m 5 7
1 0 11
2 0 1
3 9 14
t 46 219
m 4 7
1 0 12
2 0 2
3 8 14
t 45 219
m 3 7
1 0 11
2 0 1
3 9 14
t 44 229
m 3 6
1 0 12
2 1 1
3 8 14
t 43 229
m 3 5
1 0 11
2 1 0
3 9 14
t 42 229
m 2 5
1 0 12
2 0 0
3 8 14
t 41 229
m 1 5
1 0 11
2 0 1
3 9 14
t 40 229
m 1 5
1 0 12
2 0 0
3 8 14
t 39 229
m 1 5
1 0 11
2 1 0
3 9 14
t 38 229
m 1 5
1 0 12
2 2 0
3 8 14
t 37 229
m 1 5
1 0 11
2 1 0
3 9 14
t 36 229
m 1 5
1 0 12
2 0 0
3 8 14
t 35 229
m 1 5
1 0 11
2 1 0
3 9 14
t 34 229
m 1 5
1 0 12
2 0 0
3 8 14
t 33 229
m 1 5
1 0 11
2 0 1
3 9 14
t 32 229
m 1 5
1 0 12
2 0 0
3 8 14
t 31 229
m 1 5
1 0 11
2 1 0
3 9 14
t 30 229
m 1 5
1 0 12
2 0 0
3 8 14
t 29 229
m 1 5
1 0 11
2 1 0
3 9 14
t 28 229
m 1 5
1 0 12
2 2 0
3 8 14
t 27 229
m 1 5
1 0 11
2 1 0
3 9 14
t 26 229
m 1 5
1 0 12
2 0 0
3 8 14
t 25 229
m 1 5
1 0 11
2 1 0
3 9 14
f 4 4
t 24 229
m 2 5
1 0 12
2 0 0
3 8 14
t 23 229
m 2 4
1 0 11
2 1 0
3 9 14
t 22 229
m 2 3
1 0 12
2 0 0
3 8 14
t 21 229
m 3 3
1 0 11
2 1 0
3 9 14
t 20 229
m 4 3
1 0 12
2 0 0
3 8 14
t 19 229
m 4 4
1 0 11
2 1 0
3 9 14
t 18 239
m 4 3
1 0 12
2 0 0
3 8 14
t 17 239
m 3 3
1 0 11
2 0 1
3 9 14
f 4 3
t 16 239
m 4 3
1 0 12
2 0 0
3 8 14
t 15 249
m 3 3
1 0 11
2 1 0
3 9 14
t 14 249
m 2 3
1 0 12
2 0 0
3 8 14
t 13 249
m 1 3
1 0 11
2 1 0
3 9 14
t 12 249
m 1 2
1 0 12
2 2 0
3 8 14
t 11 249
m 0 2
1 0 11
2 1 0
3 9 14
t 10 249
m 0 1
1 0 12
2 2 0
3 8 14
t 9 251
m 0 0
1 0 11
2 1 0
3 9 14
t 8 251
m 0 0
1 0 12
2 2 0
3 8 14
f 0 7
t 7 251
m 0 1
1 0 11
2 1 0
3 7 14
t 6 251
m 0 2
1 0 12
2 2 0
3 7 13
t 5 251
m 1 2
1 0 11
2 1 0
3 7 14
t 4 251
m 1 3
1 0 12
2 2 0
3 8 14
t 3 251
m 2 3
1 0 11
2 1 0
3 9 14
t 2 251
m 2 4
1 0 12
2 2 0
3 8 14
t 1 251
m 2 5
1 0 11
2 1 0
3 9 14
t 0 251
