10
15
m 0 14
1 9 0
2 9 0
3 9 0
w 0 7
w 0 10
w 0 11
w 0 12
w 1 0
w 1 1
w 1 2
w 1 3
w 1 4
w 1 5
w 1 9
w 1 10
w 1 12
w 2 10
w 3 6
w 3 11
w 3 12
w 3 13
w 5 3
w 5 4
w 5 5
w 6 4
w 6 5
w 6 7
w 6 11
w 7 2
w 7 9
w 7 11
w 8 2
w 8 7
w 8 13
w 9 4
w 9 6
w 9 7
w 9 8
w 9 9
w 9 12
p 0 3
p 0 6
p 0 8
p 0 9
p 2 1
p 2 4
p 2 6
p 2 8
p 2 14
p 3 0
p 3 1
p 3 2
p 3 3
p 3 4
p 3 7
p 3 14
p 4 1
p 4 3
p 4 4
p 4 5
p 4 6
p 4 9
p 4 12
p 4 13
p 5 0
p 5 6
p 5 7
p 5 9
p 5 10
p 5 12
p 5 13
p 6 0
p 6 3
p 6 6
p 6 9
p 6 10
p 6 12
p 6 13
p 6 14
p 7 1
p 7 4
p 7 5
p 7 10
p 7 13
p 7 14
p 8 6
p 8 11
p 8 12
p 8 14
p 9 1
p 9 2
p 9 3
p 9 5
p 9 10
p 9 11
p 9 14
t 300 0
m 1 14
1 8 0
2 8 0
3 8 0
t 299 0
m 0 14
1 7 0
2 7 0
3 7 0
t 298 0
m 0 13
1 6 0
2 6 0
3 6 0
t 297 0
m 1 13
1 5 0
2 5 0
3 5 0
t 296 0
m 1 13
1 4 0
2 4 0
3 4 0
t 295 0
m 2 13
1 3 0
2 3 0
3 3 0
t 294 0
m 2 14
1 2 0
2 2 0
3 2 0
t 293 1
m 3 14
1 2 1
2 2 1
3 2 1
t 292 3
m 4 14
1 2 0
2 2 0
3 2 0
t 291 3
m 4 14
1 2 1
2 2 1
3 2 1
t 290 3
m 4 13
1 2 0
2 2 0
3 2 0
t 289 5
m 5 13
1 2 1
2 2 1
3 2 1
t 288 7
m 5 14
1 2 0
2 2 0
3 2 0
t 287 7
m 6 14
1 2 1
2 2 1
3 2 1
t 286 8
m 5 14
1 2 0
2 2 0
3 2 0
t 285 8
m 6 14
1 2 1
2 2 1
3 2 1
t 284 8
m 7 14
1 2 0
2 2 0
3 2 0
t 283 10
m 7 13
1 2 1
2 2 1
3 2 1
t 282 12
m 6 13
1 2 0
2 2 0
3 2 0
t 281 14
m 6 12
1 2 1
2 2 1
3 2 1
f 4 13
t 280 16
m 5 12
1 2 0
2 2 0
3 2 0
t 279 17
m 4 12
1 2 1
2 2 1
3 2 1
t 278 19
m 4 13
1 2 0
2 2 0
3 2 0
t 277 29
m 5 13
1 2 1
2 2 1
3 2 1
t 276 29
m 5 12
1 2 0
2 2 0
3 2 0
t 275 29
m 6 12
1 2 1
2 2 1
3 2 1
t 274 29
m 5 12
1 2 0
2 2 0
3 2 0
t 273 29
m 6 12
1 2 1
2 2 1
3 2 1
t 272 29
m 7 12
1 2 0
2 2 0
3 2 0
t 271 29
m 8 12
1 2 1
2 2 1
3 2 1
t 270 31
m 8 12
1 2 0
2 2 0
3 2 0
t 269 31
m 8 12
1 2 1
2 2 1
3 2 1
t 268 31
m 8 12
1 2 0
2 2 0
3 2 0
t 267 31
m 8 11
1 2 1
2 2 1
3 2 1
t 266 33
m 8 12
1 2 0
2 2 0
3 2 0
t 265 33
m 8 11
1 2 1
2 2 1
3 2 1
t 264 33
m 8 10
1 2 0
2 2 0
3 2 0
t 263 33
m 7 10
1 2 1
2 2 1
3 2 1
t 262 35
m 8 10
1 2 0
2 2 0
3 2 0
t 261 35
m 9 10
1 2 1
2 2 1
3 2 1
t 260 36
m 9 11
1 2 0
2 2 0
3 2 0
t 259 38
m 9 11
1 2 1
2 2 1
3 2 1
t 258 38
m 9 11
1 2 0
2 2 0
3 2 0
t 257 38
m 9 10
1 2 1
2 2 1
3 2 1
t 256 38
m 8 10
1 2 0
2 2 0
3 2 0
t 255 38
m 7 10
1 2 1
2 2 1
3 2 1
t 254 38
m 7 10
1 2 0
2 2 0
3 2 0
t 253 38
m 6 10
1 2 1
2 2 1
3 2 1
t 252 40
m 5 10
1 2 0
2 2 0
3 2 0
t 251 42
m 5 9
1 2 1
2 2 1
3 2 1
t 250 43
m 4 9
1 2 0
2 2 0
3 2 0
t 249 45
m 5 9
1 2 1
2 2 1
3 2 1
t 248 45
m 6 9
1 2 0
2 2 0
3 2 0
t 247 47
m 6 8
1 2 1
2 2 1
3 2 1
t 246 47
m 6 8
1 2 0
2 2 0
3 2 0
t 245 47
m 7 8
1 2 1
2 2 1
3 2 1
t 244 47
m 7 7
1 2 0
2 2 0
3 2 0
t 243 47
m 7 8
1 2 1
2 2 1
3 2 1
t 242 47
m 7 7
1 2 0
2 2 0
3 2 0
f 8 5
t 241 47
m 7 6
1 2 1
2 2 1
3 2 1
t 240 47
m 7 5
1 2 0
2 2 0
3 2 0
t 239 49
m 8 5
1 2 1
2 2 1
3 2 1
t 238 59
m 9 5
1 2 0
2 2 0
3 2 0
t 237 61
m 9 5
1 2 1
2 2 1
3 2 1
t 236 61
m 9 5
1 2 0
2 2 0
3 2 0
t 235 61
m 8 5
1 2 1
2 2 1
3 2 1
t 234 61
m 8 6
1 2 0
2 2 0
3 2 0
t 233 62
m 7 6
1 2 1
2 2 1
3 2 1
t 232 62
m 7 6
1 2 0
2 2 0
3 2 0
t 231 62
m 7 6
1 2 1
2 2 1
3 2 1
t 230 62
m 6 6
1 2 0
2 2 0
3 2 0
t 229 64
m 5 6
1 2 1
2 2 1
3 2 1
t 228 66
m 4 6
1 2 0
2 2 0
3 2 0
t 227 68
m 5 6
1 2 1
2 2 1
3 2 1
t 226 68
m 5 7
1 2 0
2 2 0
3 2 0
f 8 8
t 225 70
m 5 8
1 2 1
2 2 1
3 2 1
t 224 70
m 6 8
1 2 0
2 2 0
3 2 0
t 223 70
m 7 8
1 2 1
2 2 1
3 2 1
t 222 70
m 8 8
1 2 0
2 2 0
3 2 0
t 221 80
m 8 8
1 2 1
2 2 1
3 2 1
t 220 80
m 8 8
1 2 0
2 2 0
3 2 0
t 219 80
m 8 9
1 2 1
2 2 1
3 2 1
t 218 80
m 8 10
1 2 0
2 2 0
3 2 0
t 217 80
m 8 10
1 2 1
2 2 1
3 2 1
t 216 80
m 8 9
1 2 0
2 2 0
3 2 0
t 215 80
m 8 9
1 2 1
2 2 1
3 2 1
t 214 80
m 8 8
1 2 0
2 2 0
3 2 0
t 213 80
m 8 8
1 2 1
2 2 1
3 2 1
t 212 80
m 7 8
1 2 0
2 2 0
3 2 0
f 7 3
t 211 80
m 7 7
1 2 1
2 2 1
3 2 1
t 210 80
m 7 6
1 2 0
2 2 0
3 2 0
t 209 80
m 7 5
1 2 1
2 2 1
3 2 1
t 208 80
m 7 4
1 2 0
2 2 0
3 2 0
t 207 81
m 7 3
1 2 1
2 2 1
3 2 1
t 206 91
m 6 3
1 2 0
2 2 0
3 2 0
t 205 93
m 7 3
1 2 1
2 2 1
3 2 1
t 204 93
m 8 3
1 2 0
2 2 0
3 2 0
t 203 93
m 9 3
1 2 1
2 2 1
3 2 1
t 202 95
m 9 2
1 2 0
2 2 0
3 2 0
t 201 97
m 9 1
1 2 1
2 2 1
3 2 1
t 200 98
m 8 1
1 2 0
2 2 0
3 2 0
t 199 98
m 8 1
1 2 1
2 2 1
3 2 1
t 198 98
m 8 1
1 2 0
2 2 0
3 2 0
t 197 98
m 8 0
1 2 1
2 2 1
3 2 1
t 196 98
m 7 0
1 2 0
2 2 0
3 2 0
t 195 98
m 6 0
1 2 1
2 2 1
3 2 1
f 8 8
t 194 100
m 6 1
1 2 0
2 2 0
3 2 0
t 193 100
m 6 2
1 2 1
2 2 1
3 2 1
t 192 100
m 6 3
1 2 0
2 2 0
3 2 0
t 191 100
m 7 3
1 2 1
2 2 1
3 2 1
t 190 100
m 7 4
1 2 0
2 2 0
3 2 0
t 189 100
m 7 5
1 2 1
2 2 1
3 2 1
t 188 100
m 7 6
1 2 0
2 2 0
3 2 0
t 187 100
m 7 7
1 2 1
2 2 1
3 2 1
t 186 100
m 7 8
1 2 0
2 2 0
3 2 0
t 185 100
m 8 8
1 2 1
2 2 1
3 2 1
t 184 110
m 8 8
1 2 0
2 2 0
3 2 0
t 183 110
m 8 8
1 2 1
2 2 1
3 2 1
t 182 110
m 8 9
1 2 0
2 2 0
3 2 0
t 181 110
m 8 9
1 2 1
2 2 1
3 2 1
f 4 11
t 180 110
m 8 10
1 2 0
2 2 0
3 2 0
t 179 110
m 7 10
1 2 1
2 2 1
3 2 1
t 178 110
m 6 10
1 2 0
2 2 0
3 2 0
t 177 110
m 5 10
1 2 1
2 2 1
3 2 1
t 176 110
m 4 10
1 2 0
2 2 0
3 2 0
t 175 110
m 4 11
1 2 1
2 2 1
3 2 1
t 174 120
m 4 12
1 2 0
2 2 0
3 2 0
t 173 120
m 4 13
1 2 1
2 2 1
3 2 1
t 172 120
m 4 14
1 2 0
2 2 0
3 2 0
t 171 120
m 3 14
1 2 1
2 2 1
3 2 1
t 170 120
m 4 14
1 2 0
2 2 0
3 2 0
t 169 120
m 4 14
1 2 1
2 2 1
3 2 1
t 168 120
m 4 14
1 2 0
2 2 0
3 2 0
t 167 120
m 5 14
1 2 1
2 2 1
3 2 1
t 166 120
m 6 14
1 2 0
2 2 0
3 2 0
t 165 120
m 7 14
1 2 1
2 2 1
3 2 1
t 164 120
m 8 14
1 2 0
2 2 0
3 2 0
f 8 4
t 163 122
m 7 14
1 2 1
2 2 1
3 2 1
t 162 122
m 7 13
1 2 0
2 2 0
3 2 0
t 161 122
m 7 12
1 2 1
2 2 1
3 2 1
t 160 122
m 8 12
1 2 0
2 2 0
3 2 0
t 159 122
m 8 11
1 2 1
2 2 1
3 2 1
t 158 122
m 8 10
1 2 0
2 2 0
3 2 0
t 157 122
m 8 9
1 2 1
2 2 1
3 2 1
t 156 122
m 8 8
1 2 0
2 2 0
3 2 0
t 155 122
m 7 8
1 2 1
2 2 1
3 2 1
t 154 122
m 7 7
1 2 0
2 2 0
3 2 0
t 153 122
m 7 6
1 2 1
2 2 1
3 2 1
t 152 122
m 8 6
1 2 0
2 2 0
3 2 0
t 151 122
m 8 5
1 2 1
2 2 1
3 2 1
t 150 122
m 8 4
1 2 0
2 2 0
3 2 0
t 149 132
m 8 4
1 2 1
2 2 1
3 2 1
t 148 132
m 8 5
1 2 0
2 2 0
3 2 0
t 147 132
m 7 5
1 2 1
2 2 1
3 2 1
t 146 132
m 7 6
1 2 0
2 2 0
3 2 0
t 145 132
m 8 6
1 2 1
2 2 1
3 2 1
t 144 132
m 7 6
1 2 0
2 2 0
3 2 0
t 143 132
m 7 6
1 2 1
2 2 1
3 2 1
t 142 132
m 6 6
1 2 0
2 2 0
3 2 0
t 141 132
m 5 6
1 2 1
2 2 1
3 2 1
t 140 132
m 4 6
1 2 0
2 2 0
3 2 0
t 139 132
m 4 7
1 2 1
2 2 1
3 2 1
t 138 132
m 4 6
1 2 0
2 2 0
3 2 0
t 137 132
m 4 5
1 2 1
2 2 1
3 2 1
t 136 134
m 4 6
1 2 0
2 2 0
3 2 0
t 135 134
m 4 7
1 2 1
2 2 1
3 2 1
t 134 134
m 3 7
1 2 0
2 2 0
3 2 0
t 133 136
m 3 8
1 2 1
2 2 1
3 2 1
t 132 136
m 3 8
1 2 0
2 2 0
3 2 0
t 131 136
m 3 8
1 2 1
2 2 1
3 2 1
t 130 136
m 4 8
1 2 0
2 2 0
3 2 0
t 129 136
m 3 8
1 2 1
2 2 1
3 2 1
t 128 136
m 3 8
1 2 0
2 2 0
3 2 0
t 127 136
m 3 8
1 2 1
2 2 1
3 2 1
t 126 136
m 3 9
1 2 0
2 2 0
3 2 0
f 8 9
t 125 136
m 3 8
1 2 1
2 2 1
3 2 1
t 124 136
m 4 8
1 2 0
2 2 0
3 2 0
t 123 136
m 5 8
1 2 1
2 2 1
3 2 1
t 122 136
m 6 8
1 2 0
2 2 0
3 2 0
t 121 136
m 7 8
1 2 1
2 2 1
3 2 1
t 120 136
m 8 8
1 2 0
2 2 0
3 2 0
t 119 136
m 8 9
1 2 1
2 2 1
3 2 1
t 118 146
m 8 10
1 2 0
2 2 0
3 2 0
t 117 146
m 7 10
1 2 1
2 2 1
3 2 1
f 2 3
t 116 146
m 6 10
1 2 0
2 2 0
3 2 0
t 115 146
m 6 9
1 2 1
2 2 1
3 2 1
t 114 146
m 6 8
1 2 0
2 2 0
3 2 0
t 113 146
m 5 8
1 2 1
2 2 1
3 2 1
t 112 146
m 5 7
1 2 0
2 2 0
3 2 0
t 111 146
m 4 7
1 2 1
2 2 1
3 2 1
t 110 146
m 4 6
1 2 0
2 2 0
3 2 0
t 109 146
m 4 5
1 2 1
2 2 1
3 2 1
t 108 146
m 4 4
1 2 0
2 2 0
3 2 0
t 107 147
m 4 3
1 2 1
2 2 1
3 2 1
t 106 149
m 3 3
1 2 0
2 2 0
3 2 0
t 105 151
m 2 3
1 2 1
2 2 1
3 2 1
t 104 161
m 2 4
1 2 0
2 2 0
3 2 0
t 103 163
m 3 4
1 2 1
2 2 1
3 2 1
t 102 165
m 3 3
1 2 0
2 2 0
3 2 0
t 101 165
m 3 2
1 2 1
2 2 1
3 2 1
t 100 166
m 3 1
1 2 0
2 2 0
3 2 0
t 99 168
m 4 1
1 2 1
2 2 1
3 2 1
t 98 170
m 5 1
1 2 0
2 2 0
3 2 0
t 97 170
m 6 1
1 2 1
2 2 1
3 2 1
t 96 170
m 7 1
1 2 0
2 2 0
3 2 0
t 95 172
m 6 1
1 2 1
2 2 1
3 2 1
t 94 172
m 6 0
1 2 0
2 2 0
3 2 0
t 93 172
m 5 0
1 2 1
2 2 1
3 2 1
t 92 173
m 4 0
1 2 0
2 2 0
3 2 0
t 91 173
m 4 1
1 2 1
2 2 1
3 2 1
t 90 173
m 4 0
1 2 0
2 2 0
3 2 0
t 89 173
m 3 0
1 2 1
2 2 1
3 2 1
t 88 175
m 3 1
1 2 0
2 2 0
3 2 0
t 87 175
m 4 1
1 2 1
2 2 1
3 2 1
t 86 175
m 3 1
1 2 0
2 2 0
3 2 0
t 85 175
m 3 0
1 2 1
2 2 1
3 2 1
t 84 175
m 3 1
1 2 0
2 2 0
3 2 0
t 83 175
m 4 1
1 2 1
2 2 1
3 2 1
t 82 175
m 3 1
1 2 0
2 2 0
3 2 0
t 81 175
m 4 1
1 2 1
2 2 1
3 2 1
t 80 175
m 3 1
1 2 0
2 2 0
3 2 0
t 79 175
m 3 2
1 2 1
2 2 1
3 2 1
t 78 175
m 3 1
1 2 0
2 2 0
3 2 0
t 77 175
m 3 2
1 2 1
2 2 1
3 2 1
t 76 175
m 3 1
1 2 0
2 2 0
3 2 0
t 75 175
m 3 0
1 2 1
2 2 1
3 2 1
t 74 175
m 3 1
1 2 0
2 2 0
3 2 0
f 8 14
t 73 175
m 3 2
1 2 1
2 2 1
3 2 1
t 72 175
m 4 2
1 2 0
2 2 0
3 2 0
t 71 175
m 4 3
1 2 1
2 2 1
3 2 1
t 70 175
m 4 4
1 2 0
2 2 0
3 2 0
t 69 175
m 4 5
1 2 1
2 2 1
3 2 1
t 68 175
m 4 6
1 2 0
2 2 0
3 2 0
t 67 175
m 4 7
1 2 1
2 2 1
3 2 1
t 66 175
m 4 8
1 2 0
2 2 0
3 2 0
t 65 175
m 4 9
1 2 1
2 2 1
3 2 1
t 64 175
m 5 9
1 2 0
2 2 0
3 2 0
t 63 175
m 5 10
1 2 1
2 2 1
3 2 1
t 62 175
m 5 11
1 2 0
2 2 0
3 2 0
t 61 175
m 5 12
1 2 1
2 2 1
3 2 1
t 60 175
m 6 12
1 2 0
2 2 0
3 2 0
t 59 175
m 7 12
1 2 1
2 2 1
3 2 1
t 58 175
m 7 13
1 2 0
2 2 0
3 2 0
t 57 175
m 7 14
1 2 1
2 2 1
3 2 1
t 56 175
m 8 14
1 2 0
2 2 0
3 2 0
t 55 185
m 8 14
1 2 1
2 2 1
3 2 1
t 54 185
m 8 14
1 2 0
2 2 0
3 2 0
t 53 185
m 8 14
1 2 1
2 2 1
3 2 1
t 52 185
m 8 14
1 2 0
2 2 0
3 2 0
t 51 185
m 9 14
1 2 1
2 2 1
3 2 1
t 50 187
m 9 13
1 2 0
2 2 0
3 2 0
t 49 187
m 9 13
1 2 1
2 2 1
3 2 1
t 48 187
m 9 13
1 2 0
2 2 0
3 2 0
f 4 4
t 47 187
m 9 14
1 2 1
2 2 1
3 2 1
t 46 187
m 8 14
1 2 0
2 2 0
3 2 0
t 45 187
m 7 14
1 2 1
2 2 1
3 2 1
t 44 187
m 6 14
1 2 0
2 2 0
3 2 0
t 43 187
m 5 14
1 2 1
2 2 1
3 2 1
t 42 187
m 4 14
1 2 0
2 2 0
3 2 0
t 41 187
m 4 13
1 2 1
2 2 1
3 2 1
t 40 187
m 4 12
1 2 0
2 2 0
3 2 0
t 39 187
m 4 11
1 2 1
2 2 1
3 2 1
t 38 187
m 4 10
1 2 0
2 2 0
3 2 0
t 37 187
m 4 9
1 2 1
2 2 1
3 2 1
t 36 187
m 4 8
1 2 0
2 2 0
3 2 0
t 35 187
m 4 7
1 2 1
2 2 1
3 2 1
t 34 187
m 4 6
1 2 0
2 2 0
3 2 0
t 33 187
m 4 5
1 2 1
2 2 1
3 2 1
t 32 187
m 4 4
1 2 0
2 2 0
3 2 0
t 31 197
m 4 3
1 2 1
2 2 1
3 2 1
t 30 197
m 3 3
1 2 0
2 2 0
3 2 0
t 29 197
m 3 2
1 2 1
2 2 1
3 2 1
t 28 197
m 3 1
1 2 0
2 2 0
3 2 0
t 27 197
m 4 1
1 2 1
2 2 1
3 2 1
f 8 8
t 26 197
m 5 1
1 2 0
2 2 0
3 2 0
t 25 197
m 5 2
1 2 1
2 2 1
3 2 1
t 24 197
m 6 2
1 2 0
2 2 0
3 2 0
t 23 197
m 6 3
1 2 1
2 2 1
3 2 1
t 22 197
m 7 3
1 2 0
2 2 0
3 2 0
t 21 197
m 7 4
1 2 1
2 2 1
3 2 1
t 20 197
m 7 5
1 2 0
2 2 0
3 2 0
t 19 197
m 7 6
1 2 1
2 2 1
3 2 1
t 18 197
m 7 7
1 2 0
2 2 0
3 2 0
t 17 197
m 7 8
1 2 1
2 2 1
3 2 1
t 16 197
m 8 8
1 2 0
2 2 0
3 2 0
t 15 207
m 8 8
1 2 1
2 2 1
3 2 1
t 14 207
m 8 9
1 2 0
2 2 0
3 2 0
t 13 207
m 8 8
1 2 1
2 2 1
3 2 1
t 12 207
m 8 8
1 2 0
2 2 0
3 2 0
t 11 207
m 7 8
1 2 1
2 2 1
3 2 1
t 10 207
m 7 8
1 2 0
2 2 0
3 2 0
t 9 207
m 8 8
1 2 1
2 2 1
3 2 1
t 8 207
m 7 8
1 2 0
2 2 0
3 2 0
f 7 7
t 7 207
m 7 7
1 2 1
2 2 1
3 2 1
t 6 217
m 7 8
1 2 0
2 2 0
3 2 0
t 5 217
m 8 8
1 2 1
2 2 1
3 2 1
t 4 217
m 8 8
1 2 0
2 2 0
3 2 0
f 7 6
t 3 217
m 7 8
1 2 1
2 2 1
3 2 1
t 2 217
m 7 7
1 2 0
2 2 0
3 2 0
t 1 217
m 7 6
1 2 1
2 2 1
3 2 1
t 0 227